8.300E+13
5.000E+04
2.160E+08
3.570E+04
1.000E+18
9.000E+16
6.000E+19
5.500E+20
2.200E+22
5.000E+17
1.200E+17
2.800E+18
3.000E+20
1.652E+19
1.652E+19
2.600E+19
7.000E+17
7.400E+13
3.970E+12
1.660E+13
7.080E+13
2.000E+13
4.640E+13
1.300E+11
4.200E+14
1.210E+07
1.000E+13
9.630E+06
1.750E+12
5.800E+14
6.020E+14
4.760E+07
4.300E+07
2.500E+12
1.500E+14
5.000E+13
5.800E+13
1.100E+14
5.700E+13
3.000E+13
1.107E+08
5.710E+12
3.300E+13
5.000E+13
3.400E+12
1.090E+12
7.340E+13
3.000E+13
3.000E+13
5.000E+13
1.870E+17
7.600E+12
2.500E+16
8.000E+13
2.000E+13
1.130E+07
5.000E+05
1.060E+13
2.640E+12
2.000E+13
5.000E+13
8.100E+11
4.000E+13
3.200E+13
1.500E+13
9.000E+12
3.000E+13
1.500E+13
1.500E+13
3.000E+13
7.000E+13
2.800E+13
1.200E+13
2.000E+13
3.000E+13
9.000E+12
7.000E+12
1.400E+13
5.400E+11
5.400E+11
2.300E+10
3.900E+13
3.430E+09
1.000E+14
1.000E+12
9.460E+13
1.270E+16
8.430E+13
6.300E+13
5.600E+07
2.501E+13
3.083E+13
3.600E+10
1.000E+12
1.340E+13
2.450E+04
5.000E+13
3.000E+13
8.480E+12
3.320E+03
4.000E+13
1.200E+13
2.120E+16
4.990E+12
5.00E+13
2.41E+13
5.000E+13
3.400E+06
2.000E+13
3.200E+13
1.600E+13
1.000E+13
5.000E+12
4.280E-13
1.800E+13
2.000E+13
1.200E+13
6.000E+12
1.000E+13
5.000E+12
1.800E+13
6.600E+08
1.020E+09
1.000E+08
6.000E+13
2.460E+06
1.600E+13
1.810E+12
1.700E+07
4.200E+06
3.880E+05
1.300E+05
1.440E+06
6.300E+06
3.000E+07
1.000E+07
1.000E+17
5.000E+13
2.000E+13
5.000E+13
4.900E+05
5.000E+13
5.000E+13
2.000E+13
2.000E+13
1.000E+14
1.000E+14
1.600E+12
5.000E+13
3.000E+13
1.000E+13
3.000E+13
8.000E+14
3.860E+08
4.600E+19
4.080E+06
1.632E+07
2.180E-04
5.040E+05
3.370E+07
4.830E-04
1.000E+07
3.000E+13
1.200E+13
2.000E+13
9.600E+13
8.300E+10
8.300E+10
1.00E+11
2.56E+09
5.14E+09
4.99E+22
3.20E+35
2.68E+53
1.000E+14
2.000E+13
1.000E+13
3.500E+05
1.00E+12
3.300E+14
5.000E+13
1.500E+09
1.000E+13
1.750E+12
7.500E+12
1.000E+13
6.080E+12
9.000E+13
6.000E+13
4.800E+13
4.800E+13
3.011E+13
1.340E+06
3.000E+11
4.600E+16
1.000E+13
1.210E+10
9.033E+13
1.800E+13
3.920E+11
2.500E+13
1.500E+24
5.000E+14
9.300E+38
1.600E+46
1.500E+42
1.200E+22
2.400E+20
9.600E+11
7.800E+41
1.000E+14
5.000E+12
9.000E+13
2.000E+13
2.000E+13
1.000E+13
1.400E+11
1.800E+10
4.850E+07
9.600E+13
9.600E+13
3.900E+13
1.500E+14
1.200E+13
3.000E+13
3.000E+13
1.800E+11
1.280E+15
4.100E+09
5.000E+10
5.800E+12
2.350E+10
2.000E-06
8.000E+12
3.000E+13
3.630E+13
7.260E+13
1.210E+13
2.000E+13
5.000E+09
9.510E+10
1.910E+12
1.780E+13
1.070E+12
3.160E+14
5.000E+09
3.000E+13
8.000E+12
8.420E+08
5.070E+07
1.510E+07
1.920E+07
3.840E+05
3.600E+06
1.000E+07
3.000E+13
3.000E+13
2.000E+13
5.000E+13
5.000E+13
2.270E+05
3.300E+11
1.200E+13
4.220E+13
7.93E+38
2.820E+12
5.210E+17
2.000E+12
1.604E+13
8.020E+13
2.000E+10
3.000E+11
3.000E+11
2.400E+13
8.700E+09
4.90E+14
1.50E+13
3.90E+32
1.150E+08
8.980E+07
3.540E+06
4.000E+13
6.140E+06
1.00E+13
6.80E+13
6.80E+13
2.00E+12
5.00E+13
5.00E+13
5.00E+12
1.00E+13
7.00E+12
1.500E+13
2.500E+12
5.00E+13
2.00E+13
2.00E+13
3.00E+10
8.00E+11
3.00E+11
2.50E+12
2.50E+13
2.50E+13
2.50E+13
5.00E+13
5.00E+13
1.50E+12
5.000E+12
2.000E+12
5.00E+14
6.53E+5
6.53E+5
1.30E+06
5.40E+29
9.46E+42
1.52E+59
2.00E+07
5.30E+06
1.30E+12
1.00E+13
1.20E+44
5.15E+60
6.27E+17
1.66E+47
5.50E+28
4.91E+60
1.30E+06
6.14E+06
0.73E+13
1.00E+13
1.00E+06
1.00E+13
1.80E+12
4.89E+41
2.00E+14
1.80E+13
6.00E+13
4.20E+32
6.00E+12
4.99E+15
1.19E+15
1.82E+13
2.66E+12
6.60E+12
6.00E+13
1.00E+14
3.00E+12
7.06E+56
5.00E+51
3.970E+14
1.50E+48
3.34E+12
6.00E+13
5.00E+12
1.00E+11
2.00E+13
9.00E+13
1.00E+11
3.34E+12
6.00E+13
5.00E+12
1.00E+11
2.00E+13
9.00E+13
1.00E+11
1.33E+13
1.33E+13
8.00E+21
1.73E+05
4.00E+05
8.04E+05
0.80E+08
0.40E+08
3.50E+07
1.80E+11
6.00E+10
1.21E+11
3.10E+06
1.10E+06
2.14E+06
9.60E+03
2.20E+00
8.40E-01
1.35E+00
7.23E+11
1.090E+12
1.08E+11
3.00E+13
1.90E+07
3.43E+09
2.00E+13
2.80E+21
1.00E+14
1.00E+14
1.840E+14
2.450E+13
2.450E+13
1.010E+14
4.540E+13
2.40E+13
1.40E+28
3.20E+12
9.60E+13
2.40E+13
1.30E+11
2.40E+13
1.20E+14
2.20E+14
3.60E+13
3.70E+24
1.80E+12
9.60E+13
2.40E+13
9.00E+10
2.40E+13
6.00E+13
1.10E+13
1.30E+06
1.30E+06
1.90E+05
4.76E+04
1.40E+03
2.70E+04
4.00E+13
4.00E+13
4.76E+04
9.64E+03
9.03E-01
1.51E+00
1.10E+42
1.10E+30
2.70E+13
6.60E+12
9.60E+13
4.50E+37
5.00E+13
1.00E+07
4.10E+43
2.50E+20
6.30E+25
2.00E+47
3.00E+13
2.00E+12
2.50E+14
9.60E+70
6.90E+46
2.80E+23
3.40E+43
6.00E+13
4.00E+12
7.86E+16
1.30E+51
4.90E+51
6.65E+05
3.33E+05
3.10E+07
1.55E+07
6.0E+08
1.20E+13
1.5E+67
3.1E+26
1.5E+13
2.0E+12
5.00E+12
6.60E+12
1.21E+10
6.00E+11
3.00E+11
9.20E+16
1.60E+16
1.84E-13
3.160E+11
3.0E+13
2.00E+13
4.0E+12
5.00E+12
6.000E+11
6.60E+12
1.21E+10
2.16E+10
5.000E+14
1.5E+67
3.1E+26
8.00E+11
2.16E+10
5.00E+14
5.00E+14
5.00E+14
5.70E+36
5.30E+44
2.50E+15
1.33E+06
6.65E+05
1.46E+30
2.00E+12
2.00E+12
0.75E+07
0.75E+07
1.5E+08
4.5E+08
6.20E+06
3.10E+06
1.20E+12
4.80E+12
2.00E+14
1.00E+14
5.00E+13
2.50E+13
1.00E+13
0.50E+13
1.00E+13
0.50E+13
5.62E+11
4.20E+15
2.00E+13
1.70E+05
2.00E+13
2.00E+13
7.00E+13
1.20E+08
1.80E+11
3.10E+06
3.00E+13
3.00E+13
3.00E+13
2.00E+13
3.40E+05
2.60E+5
5.00E+15
1.40E+14
2.00E+14
1.95E+13
5.75E+15
1.00E+16
5.30E+12
1.78E+15
5.01E+14
3.90E+14
1.70E+5
1.00E+5
4.00E+21
4.00E+21
2.10E+00
1.10E+00
2.210E+00
1.110E+00
1.00E14
1.00E+14
1.00E14
1.00E+14
1.60E+22
3.20E+22
6.50E+05
3.30E+08
1.50E+13
2.60E+13
7.00E+02
2.00E+13
1.00E+12
4.50E-01
2.48E+53
3.60E+13
2.00E+21
1.80E+12
1.00E+11
2.40E+13
6.00E+13
1.10E+13
1.10E+30
2.80E+23
3.40E+43
3.00E+13
4.00E+12
5.00E+11
1.70E+78
1.40E+54
1.33E+06
3.10E+06
2.40E+60
1.0E+14
5.71e+04
2.60E+13
1.43E+08
1.00E+13
2.00E+12
2.00E+12
2.20E+13
1.30E+13
1.60E+08
7.94E+11
1.20E+12
1.15E+14
2.80E+13
6.00E+12
7.41E+11
3.00E+13
3.00E+13
2.50E+14
2.20E+08
1.80E+13
3.43E+09
1.00E+14
1.00E+14
3.00E+13
3.00E+13
2.50E+11
3.00E+13
3.00E+13
2.10E+13
3.00E+13
3.00E+13
1.00E+15
3.00E+13
1.4E+2
2.51E+16
